250
2546
244 246 11712
246 244 11712
239 240 10616
240 239 10616
238 245 6142
245 238 6142
235 238 7048
238 235 7048
233 240 7634
240 233 7634
232 248 10223
248 232 10223
231 248 10699
248 231 10699
229 249 10098
249 229 10098
228 241 1473
241 228 1473
226 231 7638
231 226 7638
223 242 10184
242 223 10184
223 249 10898
249 223 10898
222 225 9842
225 222 9842
220 247 10309
247 220 10309
219 221 6535
221 219 6535
218 224 5993
224 218 5993
218 227 9192
227 218 9192
217 232 9613
232 217 9613
216 232 8738
232 216 8738
214 219 4104
219 214 4104
214 221 10444
221 214 10444
213 235 9305
235 213 9305
213 238 10707
238 213 10707
212 214 9024
214 212 9024
212 219 8099
219 212 8099
212 221 8320
221 212 8320
212 244 4321
244 212 4321
211 222 6192
222 211 6192
211 225 10649
225 211 10649
210 212 5813
212 210 5813
210 214 7099
214 210 7099
210 219 3728
219 210 3728
210 221 3659
221 210 3659
210 244 10062
244 210 10062
209 211 1269
211 209 1269
209 222 7357
222 209 7357
209 225 11652
225 209 11652
208 226 4662
226 208 4662
208 231 8821
231 208 8821
207 210 3158
210 207 3158
207 212 5667
212 207 5667
207 214 10119
214 207 10119
207 219 6878
219 207 6878
207 221 2902
221 207 2902
207 244 9218
244 207 9218
206 209 11467
209 206 11467
205 207 10606
207 205 10606
205 210 7932
210 205 7932
205 214 7345
214 205 7345
205 219 5157
219 205 5157
205 221 8879
221 205 8879
204 222 9626
222 204 9626
204 225 5003
225 204 5003
204 231 11432
231 204 11432
203 249 4148
249 203 4148
202 204 4207
204 202 4207
202 209 10956
209 202 10956
202 211 9692
211 202 9692
202 222 5440
222 202 5440
202 225 6056
225 202 6056
201 216 11363
216 201 11363
201 217 11118
217 201 11118
201 232 3557
232 201 3557
201 248 6668
248 201 6668
200 203 5651
203 200 5651
200 223 9984
223 200 9984
200 249 6335
249 200 6335
199 237 6767
237 199 6767
198 223 9036
223 198 9036
198 242 3037
242 198 3037
197 230 9937
230 197 9937
196 205 5718
205 196 5718
196 214 8233
214 196 8233
196 219 8903
219 196 8903
195 238 11390
238 195 11390
195 245 9286
245 195 9286
194 220 11551
220 194 11551
193 243 9306
243 193 9306
192 243 7897
243 192 7897
191 202 6216
202 191 6216
191 204 7061
204 191 7061
191 222 9234
222 191 9234
191 225 11446
225 191 11446
191 231 11935
231 191 11935
190 220 4330
220 190 4330
190 247 6680
247 190 6680
189 200 11303
200 189 11303
189 203 5779
203 189 5779
189 220 9403
220 189 9403
189 249 8557
249 189 8557
188 230 5191
230 188 5191
188 233 8575
233 188 8575
188 240 9560
240 188 9560
187 208 6557
208 187 6557
187 226 3660
226 187 3660
187 231 4215
231 187 4215
187 248 11716
248 187 11716
186 189 5775
189 186 5775
186 203 10305
203 186 10305
186 249 11195
249 186 11195
185 201 6956
201 185 6956
185 232 10259
232 185 10259
185 248 2896
248 185 2896
184 188 7566
188 184 7566
184 197 5351
197 184 5351
184 230 4691
230 184 4691
183 215 3017
215 183 3017
182 198 7870
198 182 7870
182 223 8452
223 182 8452
182 242 10811
242 182 10811
181 184 8764
184 181 8764
181 188 10778
188 181 10778
181 196 11674
196 181 11674
181 230 5963
230 181 5963
180 213 3355
213 180 3355
179 193 10256
193 179 10256
179 212 9146
212 179 9146
179 244 7050
244 179 7050
178 236 2867
236 178 2867
177 186 3537
186 177 3537
177 189 3512
189 177 3512
177 203 6820
203 177 6820
177 249 7806
249 177 7806
176 191 2089
191 176 2089
176 202 4299
202 176 4299
176 204 6123
204 176 6123
176 222 7243
222 176 7243
176 225 9939
225 176 9939
175 246 3569
246 175 3569
174 179 9292
179 174 9292
174 192 7813
192 174 7813
174 243 7415
243 174 7415
172 180 8119
180 172 8119
172 197 9121
197 172 9121
172 213 5932
213 172 5932
172 235 7388
235 172 7388
171 172 6889
172 171 6889
171 180 10106
180 171 10106
171 213 6758
213 171 6758
171 235 3106
235 171 3106
171 238 5664
238 171 5664
171 245 11526
245 171 11526
170 182 6422
182 170 6422
170 198 10237
198 170 10237
170 223 3653
223 170 3653
170 229 10924
229 170 10924
170 249 11264
249 170 11264
169 177 8571
177 169 8571
169 186 5624
186 169 5624
169 189 8899
189 169 8899
169 190 9320
190 169 9320
169 220 10104
220 169 10104
168 187 4080
187 168 4080
168 204 11515
204 168 11515
168 208 8885
208 168 8885
168 226 7555
226 168 7555
168 231 268
231 168 268
168 248 10481
248 168 10481
167 224 7521
224 167 7521
166 236 9479
236 166 9479
165 171 11685
171 165 11685
165 172 9828
172 165 9828
165 180 1756
180 165 1756
165 191 10673
191 165 10673
165 213 5003
213 165 5003
164 190 7043
190 164 7043
164 194 7229
194 164 7229
164 220 5001
220 164 5001
164 247 9969
247 164 9969
163 202 9825
202 163 9825
163 209 2235
209 163 2235
163 211 1708
211 163 1708
163 222 5489
222 163 5489
163 225 11682
225 163 11682
162 192 9472
192 162 9472
161 169 10571
169 161 10571
161 177 7299
177 161 7299
161 186 6124
186 161 6124
161 189 10748
189 161 10748
161 229 10509
229 161 10509
161 249 11843
249 161 11843
160 168 6839
168 160 6839
160 176 6571
176 160 6571
160 187 10794
187 160 10794
160 191 5410
191 160 5410
160 202 8639
202 160 8639
160 204 6352
204 160 6352
160 225 11314
225 160 11314
160 231 6647
231 160 6647
159 234 5490
234 159 5490
159 239 10493
239 159 10493
158 170 5722
170 158 5722
158 200 7196
200 158 7196
158 203 9121
203 158 9121
158 223 5291
223 158 5291
158 229 9925
229 158 9925
158 249 5734
249 158 5734
157 181 5473
181 157 5473
157 184 4716
184 157 4716
157 188 10501
188 157 10501
157 197 7152
197 157 7152
157 230 5597
230 157 5597
156 196 8377
196 156 8377
156 205 5088
205 156 5088
156 207 7567
207 156 7567
156 210 4409
210 156 4409
156 212 8418
212 156 8418
156 214 3435
214 156 3435
156 219 745
219 156 745
156 221 7280
221 156 7280
155 165 5001
165 155 5001
155 171 7487
171 155 7487
155 172 4996
172 155 4996
155 180 3246
180 155 3246
155 197 11679
197 155 11679
155 213 1559
213 155 1559
155 235 9681
235 155 9681
155 238 11940
238 155 11940
154 171 8024
171 154 8024
154 195 11016
195 154 11016
154 235 9296
235 154 9296
154 238 2365
238 154 2365
154 245 4011
245 154 4011
153 228 5583
228 153 5583
153 241 4247
241 153 4247
152 179 10233
179 152 10233
152 207 8799
207 152 8799
152 210 10636
210 152 10636
152 212 5852
212 152 5852
152 221 11655
221 152 11655
152 244 3365
244 152 3365
152 246 9510
246 152 9510
151 168 9264
168 151 9264
151 187 6861
187 151 6861
151 208 391
208 151 391
151 226 4792
226 151 4792
151 231 9202
231 151 9202
150 164 9115
164 150 9115
150 169 6638
169 150 6638
150 177 8428
177 150 8428
150 186 8087
186 150 8087
150 189 6046
189 150 6046
150 190 6182
190 150 6182
150 203 11351
203 150 11351
150 220 4158
220 150 4158
149 163 7447
163 149 7447
149 206 10265
206 149 10265
149 209 5363
209 149 5363
149 211 5830
211 149 5830
149 222 11405
222 149 11405
149 225 10995
225 149 10995
148 157 1712
157 148 1712
148 181 5620
181 148 5620
148 184 3398
184 148 3398
148 188 8809
188 148 8809
148 197 7085
197 148 7085
148 230 4043
230 148 4043
147 162 9416
162 147 9416
147 166 11877
166 147 11877
146 218 6252
218 146 6252
146 224 11387
224 146 11387
146 227 4560
227 146 4560
145 146 10595
146 145 10595
144 168 9650
168 144 9650
144 185 3018
185 144 3018
144 187 11380
187 144 11380
144 201 8140
201 144 8140
144 204 11540
204 144 11540
144 231 9846
231 144 9846
144 232 11686
232 144 11686
144 248 1527
248 144 1527
143 152 7831
152 143 7831
143 175 10421
175 143 10421
143 179 8905
179 143 8905
143 193 6865
193 143 6865
143 212 11875
212 143 11875
143 244 7554
244 143 7554
143 246 7590
246 143 7590
142 154 11701
154 142 11701
142 155 4818
155 142 4818
142 165 4797
165 142 4797
142 171 8119
171 142 8119
142 172 9299
172 142 9299
142 180 4124
180 142 4124
142 195 8901
195 142 8901
142 213 3433
213 142 3433
142 235 11123
235 142 11123
142 238 10237
238 142 10237
140 147 4712
147 140 4712
140 162 10969
162 140 10969
139 156 6665
156 139 6665
139 196 4593
196 139 4593
139 205 1814
205 139 1814
139 210 9743
210 139 9743
139 214 8428
214 139 8428
139 219 6833
219 139 6833
139 221 10596
221 139 10596
138 151 11903
151 138 11903
138 188 10136
188 138 10136
138 226 11064
226 138 11064
138 233 9598
233 138 9598
138 239 11352
239 138 11352
138 240 2076
240 138 2076
137 145 11708
145 137 11708
137 146 3524
146 137 3524
137 183 11008
183 137 11008
137 215 11222
215 137 11222
137 218 4325
218 137 4325
137 224 10278
224 137 10278
137 227 7930
227 137 7930
136 159 2310
159 136 2310
136 234 3185
234 136 3185
135 141 6693
141 135 6693
135 181 7362
181 135 7362
135 230 11174
230 135 11174
134 137 10296
137 134 10296
134 145 10314
145 134 10314
134 146 6821
146 134 6821
134 227 3986
227 134 3986
133 166 6778
166 133 6778
132 154 8146
154 132 8146
132 171 7460
171 132 7460
132 235 5508
235 132 5508
132 238 6935
238 132 6935
131 143 5854
143 131 5854
131 179 9728
179 131 9728
131 193 1012
193 131 1012
131 243 10112
243 131 10112
130 194 5825
194 130 5825
130 234 11697
234 130 11697
129 133 7141
133 129 7141
129 147 8531
147 129 8531
129 166 3392
166 129 3392
129 178 11909
178 129 11909
129 236 9707
236 129 9707
128 136 11358
136 128 11358
128 159 9153
159 128 9153
128 173 11948
173 128 11948
128 239 1726
239 128 1726
126 183 8912
183 126 8912
126 215 5899
215 126 5899
125 148 4208
148 125 4208
125 157 2917
157 125 2917
125 172 11220
172 125 11220
125 181 8041
181 125 8041
125 184 5816
184 125 5816
125 197 5633
197 125 5633
125 230 8248
230 125 8248
124 142 6118
142 124 6118
124 155 1487
155 124 1487
124 165 5177
165 124 5177
124 171 8584
171 124 8584
124 172 4713
172 124 4713
124 180 3552
180 124 3552
124 197 10321
197 124 10321
124 213 3033
213 124 3033
124 235 10482
235 124 10482
123 175 7983
175 123 7983
123 246 10306
246 123 10306
122 139 1217
139 122 1217
122 156 5505
156 122 5505
122 196 5144
196 122 5144
122 205 647
205 122 647
122 207 11241
207 122 11241
122 210 8536
210 122 8536
122 214 7516
214 122 7516
122 219 5638
219 122 5638
122 221 9525
221 122 9525
121 158 8749
158 121 8749
121 170 3464
170 121 3464
121 182 3939
182 121 3939
121 198 7031
198 121 7031
121 223 4530
223 121 4530
121 242 9371
242 121 9371
120 145 9428
145 120 9428
120 161 9789
161 120 9789
120 229 8292
229 120 8292
119 120 10342
120 119 10342
119 134 4953
134 119 4953
119 137 9676
137 119 9676
119 145 5361
145 119 5361
119 146 7143
146 119 7143
119 227 7465
227 119 7465
118 124 6300
124 118 6300
118 142 11650
142 118 11650
118 151 10687
151 118 10687
118 155 7746
155 118 7746
118 165 8159
165 118 8159
118 172 8663
172 118 8663
118 180 7699
180 118 7699
118 184 11388
184 118 11388
118 197 6902
197 118 6902
118 208 10634
208 118 10634
118 213 9204
213 118 9204
117 140 10873
140 117 10873
117 147 11794
147 117 11794
117 167 9427
167 117 9427
117 178 6290
178 117 6290
117 236 8473
236 117 8473
116 164 4060
164 116 4060
116 190 7925
190 116 7925
116 194 8583
194 116 8583
116 220 8021
220 116 8021
116 247 7638
247 116 7638
115 153 5126
153 115 5126
115 228 8124
228 115 8124
115 241 6730
241 115 6730
114 163 5526
163 114 5526
114 176 8339
176 114 8339
114 191 10158
191 114 10158
114 202 7319
202 114 7319
114 204 11526
204 114 11526
114 209 7685
209 114 7685
114 211 6713
211 114 6713
114 222 2060
222 114 2060
114 225 11896
225 114 11896
113 121 5379
121 113 5379
113 158 9842
158 113 9842
113 170 7229
170 113 7229
113 182 8536
182 113 8536
113 198 5009
198 113 5009
113 223 4665
223 113 4665
113 242 5551
242 113 5551
112 128 9960
128 112 9960
112 136 5632
136 112 5632
112 159 4347
159 112 4347
112 234 8047
234 112 8047
112 239 10722
239 112 10722
110 122 5351
122 110 5351
110 139 6016
139 110 6016
110 156 3963
156 110 3963
110 196 5323
196 110 5323
110 205 5391
205 110 5391
110 207 11522
207 110 11522
110 210 8364
210 110 8364
110 212 11550
212 110 11550
110 214 2920
214 110 2920
110 219 4680
219 110 4680
110 221 11114
221 110 11114
109 126 9332
126 109 9332
109 137 5083
137 109 5083
109 146 8420
146 109 8420
109 183 6517
183 109 6517
109 215 6179
215 109 6179
109 218 7179
218 109 7179
108 110 6803
110 108 6803
108 122 8214
122 108 8214
108 135 11644
135 108 11644
108 139 7724
139 108 7724
108 156 10525
156 108 10525
108 181 10766
181 108 10766
108 196 3132
196 108 3132
108 205 8755
205 108 8755
108 214 9401
214 108 9401
108 219 11157
219 108 11157
107 130 11436
130 107 11436
107 173 8976
173 107 8976
107 200 8254
200 107 8254
107 203 11594
203 107 11594
106 123 11362
123 106 11362
106 131 2227
131 106 2227
106 143 6821
143 106 6821
106 179 11930
179 106 11930
106 193 2119
193 106 2119
106 243 10940
243 106 10940
106 246 11883
246 106 11883
105 106 1034
106 105 1034
105 123 10392
123 105 10392
105 131 3234
131 105 3234
105 143 7217
143 105 7217
105 193 3141
193 105 3141
105 243 11674
243 105 11674
105 246 11604
246 105 11604
104 144 8161
144 104 8161
104 185 7936
185 104 7936
104 201 2597
201 104 2597
104 217 9568
217 104 9568
104 232 4888
232 104 4888
104 248 6640
248 104 6640
103 174 3708
174 103 3708
103 192 4287
192 103 4287
103 243 5731
243 103 5731
102 138 9831
138 102 9831
102 187 9374
187 102 9374
102 226 7775
226 102 7775
102 240 11740
240 102 11740
101 108 5491
108 101 5491
101 110 7783
110 101 7783
101 122 5090
122 101 5090
101 125 10521
125 101 10521
101 139 3983
139 101 3983
101 156 9930
156 101 9930
101 157 10869
157 101 10869
101 181 10336
181 101 10336
101 196 3115
196 101 3115
101 205 5734
205 101 5734
101 214 10662
214 101 10662
101 219 10279
219 101 10279
100 103 6580
103 100 6580
100 133 8099
133 100 8099
100 174 6827
174 100 6827
100 192 7056
192 100 7056
 99 129 10765
129  99 10765
 99 140 5150
140  99 5150
 99 147 3171
147  99 3171
 99 162 6455
162  99 6455
 98 117 11425
117  98 11425
 98 178 5183
178  98 5183
 98 236 4433
236  98 4433
 97 144 7138
144  97 7138
 97 160 8756
160  97 8756
 97 168 10904
168  97 10904
 97 176 10973
176  97 10973
 97 185 7779
185  97 7779
 97 191 11562
191  97 11562
 97 202 8870
202  97 8870
 97 204 4951
204  97 4951
 97 225 5664
225  97 5664
 97 231 10938
231  97 10938
 97 248 8598
248  97 8598
 96 199 1569
199  96 1569
 96 237 6553
237  96 6553
 95 115 9423
115  95 9423
 95 153 11710
153  95 11710
 95 216 11785
216  95 11785
 94 141 8070
141  94 8070
 94 198 9053
198  94 9053
 94 242 9095
242  94 9095
 93  97 7550
 97  93 7550
 93 144 8371
144  93 8371
 93 160 4360
160  93 4360
 93 168 3641
168  93 3641
 93 176 10570
176  93 10570
 93 185 11051
185  93 11051
 93 187 7640
187  93 7640
 93 191 9704
191  93 9704
 93 202 11502
202  93 11502
 93 204 7908
204  93 7908
 93 226 11188
226  93 11188
 93 231 3594
231  93 3594
 93 248 9608
248  93 9608
 92 122 11702
122  92 11702
 92 132 7972
132  92 7972
 92 139 11349
139  92 11349
 92 171 8961
171  92 8961
 92 172 9296
172  92 9296
 92 205 11628
205  92 11628
 92 235 6040
235  92 6040
 91 109 6129
109  91 6129
 91 119 9388
119  91 9388
 91 134 9544
134  91 9544
 91 137 1061
137  91 1061
 91 145 11905
145  91 11905
 91 146 2723
146  91 2723
 91 218 4088
218  91 4088
 91 224 9863
224  91 9863
 91 227 6960
227  91 6960
 90 113 11828
113  90 11828
 90 173 6973
173  90 6973
 90 233 10517
233  90 10517
 90 242 10115
242  90 10115
 89 116 6089
116  89 6089
 89 127 10682
127  89 10682
 89 130 10584
130  89 10584
 89 164 7494
164  89 7494
 89 194 5110
194  89 5110
 88  98 8567
 98  88 8567
 88 182 9779
182  88 9779
 87 111 11190
111  87 11190
 87 130 3684
130  87 3684
 87 136 10342
136  87 10342
 87 194 8273
194  87 8273
 87 234 8302
234  87 8302
 86 108 11578
108  86 11578
 86 135 10345
135  86 10345
 86 141 5640
141  86 5640
 85 152 10662
152  85 10662
 85 175 11147
175  85 11147
 85 246 9698
246  85 9698
 84 100 9532
100  84 9532
 84 103 5747
103  84 5747
 84 106 11963
106  84 11963
 84 131 10014
131  84 10014
 84 174 2770
174  84 2770
 84 179 6994
179  84 6994
 84 192 10034
192  84 10034
 84 193 9844
193  84 9844
 84 243 7221
243  84 7221
 83  95 11982
 95  83 11982
 83 104 8511
104  83 8511
 83 201 9238
201  83 9238
 83 217 3695
217  83 3695
 83 232 6812
232  83 6812
 82  85 4344
 85  82 4344
 82 152 6590
152  82 6590
 82 175 11914
175  82 11914
 82 207 10290
207  82 10290
 82 212 10888
212  82 10888
 82 244 9913
244  82 9913
 82 246 9265
246  82 9265
 81 119 8225
119  81 8225
 81 134 4508
134  81 4508
 81 146 11254
146  81 11254
 81 227 7588
227  81 7588
 81 229 10166
229  81 10166
 80  97 8938
 97  80 8938
 80 149 9615
149  80 9615
 80 202 11386
202  80 11386
 80 204 10423
204  80 10423
 80 225 5577
225  80 5577
 79  84 9700
 84  79 9700
 79 110 11633
110  79 11633
 79 174 10110
174  79 10110
 79 179 7431
179  79 7431
 79 212 11328
212  79 11328
 79 214 9294
214  79 9294
 78 112 10817
112  78 10817
 78 128 3633
128  78 3633
 78 138 9955
138  78 9955
 78 159 11389
159  78 11389
 78 239 2065
239  78 2065
 78 240 9536
240  78 9536
 77  78 10966
 78  77 10966
 77 102 2737
102  77 2737
 77 138 7171
138  77 7171
 77 151 11765
151  77 11765
 77 187 10655
187  77 10655
 77 208 11848
208  77 11848
 77 226 8175
226  77 8175
 77 240 9031
240  77 9031
 76  95 7370
 95  76 7370
 76 115 3658
115  76 3658
 76 153 4395
153  76 4395
 76 228 9469
228  76 9469
 76 241 8004
241  76 8004
 75  89 3394
 89  75 3394
 75 116 2706
116  75 2706
 75 164 4846
164  75 4846
 75 190 10387
190  75 10387
 75 194 6452
194  75 6452
 75 220 9669
220  75 9669
 75 247 10191
247  75 10191
 74 109 10730
109  74 10730
 74 126 7749
126  74 7749
 74 183 5190
183  74 5190
 74 215 4643
215  74 4643
 73 120 10775
120  73 10775
 73 145 9149
145  73 9149
 72 107 11731
107  72 11731
 72 150 8210
150  72 8210
 72 177 6434
177  72 6434
 72 186 9359
186  72 9359
 72 189 3706
189  72 3706
 72 200 8158
200  72 8158
 72 203 3470
203  72 3470
 72 220 10329
220  72 10329
 72 249 7452
249  72 7452
 71 135 10448
135  71 10448
 71 148 9121
148  71 9121
 71 157 10574
157  71 10574
 71 181 8837
181  71 8837
 71 184 9326
184  71 9326
 71 188 3894
188  71 3894
 71 230 5108
230  71 5108
 71 233 7728
233  71 7728
 71 240 11683
240  71 11683
 70  79 1576
 79  70 1576
 70  84 8129
 84  70 8129
 70 100 11309
100  70 11309
 70 174 8574
174  70 8574
 70 179 6528
179  70 6528
 70 212 11795
212  70 11795
 70 214 10735
214  70 10735
 70 244 11957
244  70 11957
 69 107 5640
107  69 5640
 69 128 11896
128  69 11896
 69 173 5282
173  69 5282
 68 114 6736
114  68 6736
 68 160 10388
160  68 10388
 68 165 10769
165  68 10769
 68 176 4396
176  68 4396
 68 191 4982
191  68 4982
 68 202 7329
202  68 7329
 68 204 10336
204  68 10336
 68 222 6811
222  68 6811
 67  83 7338
 83  67 7338
 67 112 11331
112  67 11331
 67 217 4501
217  67 4501
 66 149 7561
149  66 7561
 66 206 5154
206  66 5154
 66 209 11107
209  66 11107
 65  71 6843
 71  65 6843
 65 125 10535
125  65 10535
 65 138 11370
138  65 11370
 65 148 7162
148  65 7162
 65 151 10304
151  65 10304
 65 157 8838
157  65 8838
 65 181 10922
181  65 10922
 65 184 4790
184  65 4790
 65 188 3552
188  65 3552
 65 197 9301
197  65 9301
 65 208 10677
208  65 10677
 65 230 5007
230  65 5007
 65 240 11415
240  65 11415
 64  91 4394
 91  64 4394
 64 109 6144
109  64 6144
 64 119 6813
119  64 6813
 64 134 9237
134  64 9237
 64 137 3977
137  64 3977
 64 145 7791
145  64 7791
 64 146 4384
146  64 4384
 64 183 9898
183  64 9898
 64 215 11174
215  64 11174
 64 218 8298
218  64 8298
 64 227 8490
227  64 8490
 63  96 2231
 96  63 2231
 63 199 1821
199  63 1821
 63 237 4962
237  63 4962
 62  71 10901
 71  62 10901
 62  78 11140
 78  62 11140
 62  90 8635
 90  62 8635
 62 128 11744
128  62 11744
 62 138 9478
138  62 9478
 62 188 11357
188  62 11357
 62 233 3192
233  62 3192
 62 239 10804
239  62 10804
 62 240 7405
240  62 7405
 61  87 5163
 87  61 5163
 61  89 9050
 89  61 9050
 61 111 6739
111  61 6739
 61 130 6867
130  61 6867
 61 194 7466
194  61 7466
 61 234 10977
234  61 10977
 60  63 6637
 63  60 6637
 60  96 5690
 96  60 5690
 60 111 8712
111  60 8712
 60 199 4868
199  60 4868
 60 237 11595
237  60 11595
 59  80 6845
 80  59 6845
 59  97 6442
 97  59 6442
 59 144 8084
144  59 8084
 59 185 6135
185  59 6135
 59 204 10796
204  59 10796
 59 225 8326
225  59 8326
 59 248 8763
248  59 8763
 58  68 4795
 68  58 4795
 58 114 1947
114  58 1947
 58 163 7425
163  58 7425
 58 176 6845
176  58 6845
 58 191 8507
191  58 8507
 58 202 6778
202  58 6778
 58 204 10891
204  58 10891
 58 209 9540
209  58 9540
 58 211 8501
211  58 8501
 58 222 2759
222  58 2759
 57  65 6750
 65  57 6750
 57 118 8024
118  57 8024
 57 125 6349
125  57 6349
 57 148 6092
148  57 6092
 57 151 10773
151  57 10773
 57 157 6773
157  57 6773
 57 172 11673
172  57 11673
 57 181 11710
181  57 11710
 57 184 3368
184  57 3368
 57 188 10123
188  57 10123
 57 197 2583
197  57 2583
 57 208 11002
208  57 11002
 57 230 8049
230  57 8049
 56  73 5918
 73  56 5918
 56 119 11916
119  56 11916
 56 120 5027
120  56 5027
 56 145 8552
145  56 8552
 56 161 11851
161  56 11851
 55  67 8505
 67  55 8505
 55  78 8955
 78  55 8955
 55 112 4590
112  55 4590
 55 128 9745
128  55 9745
 55 136 10111
136  55 10111
 55 159 8414
159  55 8414
 55 217 11852
217  55 11852
 55 239 9744
239  55 9744
 54  99 8037
 99  54 8037
 54 117 8936
117  54 8936
 54 140 2922
140  54 2922
 54 147 7003
147  54 7003
 53  56 5542
 56  53 5542
 53  73 10372
 73  53 10372
 53  81 11179
 81  53 11179
 53 119 7620
119  53 7620
 53 120 2782
120  53 2782
 53 134 10851
134  53 10851
 53 145 6902
145  53 6902
 53 229 9315
229  53 9315
 52  77 10533
 77  52 10533
 52  93 9973
 93  52 9973
 52 102 10130
102  52 10130
 52 151 3422
151  52 3422
 52 168 6388
168  52 6388
 52 187 3447
187  52 3447
 52 208 3135
208  52 3135
 52 226 2384
226  52 2384
 52 231 6392
231  52 6392
 51  70 7990
 70  51 7990
 51  79 6984
 79  51 6984
 51  86 10847
 86  51 10847
 51 110 11491
110  51 11491
 51 133 11676
133  51 11676
 51 214 10713
214  51 10713
 50  59 4226
 59  50 4226
 50  80 10173
 80  50 10173
 50  97 10154
 97  50 10154
 50 104 11784
104  50 11784
 50 144 8851
144  50 8851
 50 185 5942
185  50 5942
 50 201 9673
201  50 9673
 50 232 11667
232  50 11667
 50 248 8802
248  50 8802
 49  59 8296
 59  49 8296
 49  80 8196
 80  49 8196
 49  93 8739
 93  49 8739
 49  97 3121
 97  49 3121
 49 144 10234
144  49 10234
 49 160 8334
160  49 8334
 49 176 8610
176  49 8610
 49 185 10833
185  49 10833
 49 191 9628
191  49 9628
 49 202 5875
202  49 5875
 49 204 2568
204  49 2568
 49 222 10927
222  49 10927
 49 225 3314
225  49 3314
 49 248 11708
248  49 11708
 48  50 9958
 50  48 9958
 48  83 8782
 83  48 8782
 48 104 6005
104  48 6005
 48 144 11407
144  48 11407
 48 185 9500
185  48 9500
 48 201 3841
201  48 3841
 48 216 7531
216  48 7531
 48 217 11710
217  48 11710
 48 232 2109
232  48 2109
 48 248 10057
248  48 10057
 47  64 10444
 64  47 10444
 47  91 6658
 91  47 6658
 47 109 7505
109  47 7505
 47 137 6569
137  47 6569
 47 146 9071
146  47 9071
 47 167 11422
167  47 11422
 47 218 2914
218  47 2914
 47 224 5238
224  47 5238
 46 161 7892
161  46 7892
 46 169 6854
169  46 6854
 46 177 11118
177  46 11118
 46 186 7689
186  46 7689
 45  48 11127
 48  45 11127
 45  67 6225
 67  45 6225
 45  76 11037
 76  45 11037
 45  83 2906
 83  45 2906
 45  95 10135
 95  45 10135
 45 104 11417
104  45 11417
 45 217 4535
217  45 4535
 45 232 9323
232  45 9323
 44  49 2107
 49  44 2107
 44  59 9573
 59  44 9573
 44  68 11930
 68  44 11930
 44  80 10281
 80  44 10281
 44  93 6793
 93  44 6793
 44  97 3365
 97  44 3365
 44 144 9765
144  44 9765
 44 160 6268
160  44 6268
 44 168 10433
168  44 10433
 44 176 7613
176  44 7613
 44 185 10945
185  44 10945
 44 191 8240
191  44 8240
 44 202 5971
202  44 5971
 44 204 1774
204  44 1774
 44 222 11370
222  44 11370
 44 225 5336
225  44 5336
 44 231 10384
231  44 10384
 44 248 11288
248  44 11288
 43  82 8576
 82  43 8576
 43 152 8933
152  43 8933
 43 156 10122
156  43 10122
 43 207 2708
207  43 2708
 43 210 5763
210  43 5763
 43 212 7554
212  43 7554
 43 219 9405
219  43 9405
 43 221 3765
221  43 3765
 43 244 10274
244  43 10274
 42  86 9639
 86  42 9639
 42 101 9688
101  42 9688
 42 108 6664
108  42 6664
 42 135 5008
135  42 5008
 42 141 8880
141  42 8880
 42 157 11467
157  42 11467
 42 181 6506
181  42 6506
 42 196 9113
196  42 9113
 41  81 11854
 81  41 11854
 41  88 6374
 88  41 6374
 41 121 7816
121  41 7816
 41 170 9973
170  41 9973
 41 182 3878
182  41 3878
 41 198 10323
198  41 10323
 40  75 7166
 75  40 7166
 40  89 10329
 89  40 10329
 40 116 5100
116  40 5100
 40 150 7051
150  40 7051
 40 164 3395
164  40 3395
 40 190 3649
190  40 3649
 40 194 10624
194  40 10624
 40 220 3150
220  40 3150
 40 247 7741
247  40 7741
 39  66 5590
 66  39 5590
 39  80 10277
 80  39 10277
 39 149 5382
149  39 5382
 39 206 10412
206  39 10412
 39 209 10654
209  39 10654
 39 211 11209
211  39 11209
 38  74 6907
 74  38 6907
 38 109 9245
109  38 9245
 38 126 845
126  38 845
 38 183 8279
183  38 8279
 38 215 5290
215  38 5290
 37  76 2674
 76  37 2674
 37  95 9352
 95  37 9352
 37 115 1398
115  37 1398
 37 153 3846
153  37 3846
 37 228 7596
228  37 7596
 37 241 6139
241  37 6139
 36  41 5329
 41  36 5329
 36  88 1841
 88  36 1841
 36  98 8515
 98  36 8515
 36 182 9055
182  36 9055
 35  36 8804
 36  35 8804
 35  41 10606
 41  35 10606
 35  88 7142
 88  35 7142
 35  94 6254
 94  35 6254
 35 141 11388
141  35 11388
 35 198 10645
198  35 10645
 34  53 8565
 53  34 8565
 34  56 4399
 56  34 4399
 34  73 1812
 73  34 1812
 34 120 9075
120  34 9075
 34 145 7784
145  34 7784
 33  58 9102
 58  33 9102
 33 114 8593
114  33 8593
 33 163 10678
163  33 10678
 33 222 10644
222  33 10644
 32  52 7988
 52  32 7988
 32  77 11466
 77  32 11466
 32  93 7410
 93  32 7410
 32 102 9251
102  32 9251
 32 104 10076
104  32 10076
 32 144 7333
144  32 7333
 32 151 11408
151  32 11408
 32 160 11627
160  32 11627
 32 168 5434
168  32 5434
 32 185 10165
185  32 10165
 32 187 4594
187  32 4594
 32 201 11801
201  32 11801
 32 208 11121
208  32 11121
 32 226 7421
226  32 7421
 32 231 5700
231  32 5700
 32 248 7367
248  32 7367
 31  37 9487
 37  31 9487
 31 115 8730
115  31 8730
 31 153 10769
153  31 10769
 31 228 7913
228  31 7913
 31 241 7871
241  31 7871
 30  43 10126
 43  30 10126
 30  70 10835
 70  30 10835
 30  79 10818
 79  30 10818
 30  82 10926
 82  30 10926
 30 143 8740
143  30 8740
 30 152 4565
152  30 4565
 30 156 11364
156  30 11364
 30 179 6570
179  30 6570
 30 207 8708
207  30 8708
 30 210 9124
210  30 9124
 30 212 3314
212  30 3314
 30 214 11280
214  30 11280
 30 219 11146
219  30 11146
 30 221 11496
221  30 11496
 30 244 1475
244  30 1475
 29  47 2921
 47  29 2921
 29  64 10752
 64  29 10752
 29  91 6429
 91  29 6429
 29 109 9440
109  29 9440
 29 137 6803
137  29 6803
 29 146 8191
146  29 8191
 29 167 10821
167  29 10821
 29 218 2524
218  29 2524
 29 224 3477
224  29 3477
 29 227 10208
227  29 10208
 28  35 10487
 35  28 10487
 28  41 10902
 41  28 10902
 28  94 8477
 94  28 8477
 28 113 5483
113  28 5483
 28 121 7801
121  28 7801
 28 170 10987
170  28 10987
 28 182 8584
182  28 8584
 28 198 775
198  28 775
 28 223 9677
223  28 9677
 28 242 2503
242  28 2503
 27  62 7419
 62  27 7419
 27  65 7207
 65  27 7207
 27  71 5107
 71  27 5107
 27 138 7814
138  27 7814
 27 184 11544
184  27 11544
 27 188 3989
188  27 3989
 27 230 8817
230  27 8817
 27 233 4883
233  27 4883
 27 240 6581
240  27 6581
 26  55 9933
 55  26 9933
 26  77 3854
 77  26 3854
 26  78 9413
 78  26 9413
 26 102 4190
102  26 4190
 26 138 9654
138  26 9654
 26 217 11910
217  26 11910
 26 226 11644
226  26 11644
 26 239 11461
239  26 11461
 26 240 11097
240  26 11097
 25  60 3405
 60  25 3405
 25  63 9366
 63  25 9366
 25  96 8879
 96  25 8879
 25 111 5309
111  25 5309
 25 199 7779
199  25 7779
 24  39 7951
 39  24 7951
 24  66 8457
 66  24 8457
 24  80 11814
 80  24 11814
 24 114 10397
114  24 10397
 24 149 2915
149  24 2915
 24 163 5034
163  24 5034
 24 206 9602
206  24 9602
 24 209 2802
209  24 2802
 24 211 3696
211  24 3696
 24 222 9835
222  24 9835
 24 225 11996
225  24 11996
 23  33 6032
 33  23 6032
 23  58 7072
 58  23 7072
 23  68 7437
 68  23 7437
 23 114 7960
114  23 7960
 23 176 11709
176  23 11709
 23 195 8090
195  23 8090
 23 222 9692
222  23 9692
 22  34 3658
 34  22 3658
 22  53 7033
 53  22 7033
 22  56 1508
 56  22 1508
 22  73 4871
 73  22 4871
 22 120 6464
120  22 6464
 22 145 9324
145  22 9324
 21  27 1873
 27  21 1873
 21  62 7424
 62  21 7424
 21  65 7811
 65  21 7811
 21  71 3782
 71  21 3782
 21 138 9594
138  21 9594
 21 184 11666
184  21 11666
 21 188 4280
188  21 4280
 21 230 8276
230  21 8276
 21 233 4409
233  21 4409
 21 240 8207
240  21 8207
 20  40 7068
 40  20 7068
 20  75 2897
 75  20 2897
 20  89 5690
 89  20 5690
 20 116 2095
116  20 2095
 20 127 11837
127  20 11837
 20 164 6088
164  20 6088
 20 190 9529
190  20 9529
 20 194 9349
194  20 9349
 20 220 10072
220  20 10072
 20 247 7725
247  20 7725
 19  70 6872
 70  19 6872
 19  79 8364
 79  19 8364
 19  84 3540
 84  19 3540
 19 100 6397
100  19 6397
 19 103 5319
103  19 5319
 19 174 1925
174  19 1925
 19 179 8733
179  19 8733
 19 192 9085
192  19 9085
 19 243 9323
243  19 9323
 18  35 11609
 35  18 11609
 18  51 11645
 51  18 11645
 18  86 2813
 86  18 2813
 18  94 11772
 94  18 11772
 18 141 6466
141  18 6466
 17  41 10519
 41  17 10519
 17  81 5763
 81  17 5763
 17 121 9728
121  17 9728
 17 134 10171
134  17 10171
 17 158 10542
158  17 10542
 17 170 7756
170  17 7756
 17 182 9423
182  17 9423
 17 223 11337
223  17 11337
 17 229 6676
229  17 6676
 16  54 7406
 54  16 7406
 16  98 11623
 98  16 11623
 16  99 10210
 99  16 10210
 16 117 5134
117  16 5134
 16 129 9325
129  16 9325
 16 140 7952
140  16 7952
 16 147 7171
147  16 7171
 16 166 11475
166  16 11475
 16 178 6981
178  16 6981
 16 236 7388
236  16 7388
 15  24 4507
 24  15 4507
 15  39 9051
 39  15 9051
 15  49 10519
 49  15 10519
 15  58 10462
 58  15 10462
 15  66 11797
 66  15 11797
 15  80 8217
 80  15 8217
 15 114 9104
114  15 9104
 15 149 4256
149  15 4256
 15 163 5589
163  15 5589
 15 202 8786
202  15 8786
 15 204 11074
204  15 11074
 15 209 4580
209  15 4580
 15 211 4000
211  15 4000
 15 222 7726
222  15 7726
 15 225 7498
225  15 7498
 14  18 7335
 18  14 7335
 14  51 9603
 51  14 9603
 14  86 9145
 86  14 9145
 14 129 10737
129  14 10737
 14 133 6649
133  14 6649
 14 166 8096
166  14 8096
 13  19 8927
 19  13 8927
 13 100 2560
100  13 2560
 13 103 8741
103  13 8741
 13 129 10843
129  13 10843
 13 133 6257
133  13 6257
 13 162 11602
162  13 11602
 13 174 9377
174  13 9377
 13 192 8128
192  13 8128
 12  28 6032
 28  12 6032
 12  35 6079
 35  12 6079
 12  36 8058
 36  12 8058
 12  41 6364
 41  12 6364
 12  88 7461
 88  12 7461
 12  94 8239
 94  12 8239
 12 113 9906
113  12 9906
 12 121 8542
121  12 8542
 12 170 11918
170  12 11918
 12 182 6361
182  12 6361
 12 198 5807
198  12 5807
 12 242 8457
242  12 8457
 11  30 8689
 30  11 8689
 11  43 10208
 43  11 10208
 11  82 3687
 82  11 3687
 11  85 6928
 85  11 6928
 11 143 8708
143  11 8708
 11 152 4140
152  11 4140
 11 175 9935
175  11 9935
 11 207 11101
207  11 11101
 11 212 9716
212  11 9716
 11 244 7397
244  11 7397
 11 246 6678
246  11 6678
 10 105 11028
105  10 11028
 10 106 11976
106  10 11976
 10 123 886
123  10 886
 10 175 7429
175  10 7429
 10 246 9977
246  10 9977
  9  23 3526
 23   9 3526
  9  33 8216
 33   9 8216
  9  58 10398
 58   9 10398
  9  68 9604
 68   9 9604
  9 114 11445
114   9 11445
  9 142 10955
142   9 10955
  9 195 4585
195   9 4585
  8  11 4709
 11   8 4709
  8  30 3985
 30   8 3985
  8  43 9334
 43   8 9334
  8  82 7286
 82   8 7286
  8  85 11331
 85   8 11331
  8 143 7437
143   8 7437
  8 152 702
152   8 702
  8 179 9533
179   8 9533
  8 207 9011
207   8 9011
  8 210 10661
210   8 10661
  8 212 5604
212   8 5604
  8 221 11895
221   8 11895
  8 244 2711
244   8 2711
  8 246 9709
246   8 9709
  7  42 11616
 42   7 11616
  7  57 6795
 57   7 6795
  7  65 9235
 65   7 9235
  7  71 11091
 71   7 11091
  7 101 10577
101   7 10577
  7 125 2442
125   7 2442
  7 148 2175
148   7 2175
  7 157 516
157   7 516
  7 181 5778
181   7 5778
  7 184 4976
184   7 4976
  7 188 10982
188   7 10982
  7 197 6984
197   7 6984
  7 230 6107
230   7 6107
  6  16 4529
 16   6 4529
  6  54 11235
 54   6 11235
  6  98 9893
 98   6 9893
  6  99 11022
 99   6 11022
  6 117 8821
117   6 8821
  6 129 5363
129   6 5363
  6 140 10829
140   6 10829
  6 147 7924
147   6 7924
  6 166 6998
166   6 6998
  6 178 7007
178   6 7007
  6 236 5556
236   6 5556
  5  26 3351
 26   5 3351
  5  32 11054
 32   5 11054
  5  55 11131
 55   5 11131
  5  67 10880
 67   5 10880
  5  77 5505
 77   5 5505
  5 102 3834
102   5 3834
  5 104 11574
104   5 11574
  5 217 9458
217   5 9458
  5 226 11433
226   5 11433
  4   5 11184
  5   4 11184
  4  26 8347
 26   4 8347
  4  55 6425
 55   4 6425
  4  77 10733
 77   4 10733
  4  78 2559
 78   4 2559
  4 112 8751
112   4 8751
  4 128 4751
128   4 4751
  4 138 11375
138   4 11375
  4 159 10114
159   4 10114
  4 239 3883
239   4 3883
  4 240 11344
240   4 11344
  3  37 8512
 37   3 8512
  3  45 11902
 45   3 11902
  3  67 9725
 67   3 9725
  3  76 8069
 76   3 8069
  3 115 9861
115   3 9861
  3 153 4799
153   3 4799
  3 228 7635
228   3 7635
  3 241 7024
241   3 7024
  2  14 8765
 14   2 8765
  2  18 7425
 18   2 7425
  2  42 11456
 42   2 11456
  2  51 5083
 51   2 5083
  2  79 11759
 79   2 11759
  2  86 5980
 86   2 5980
  2 108 9627
108   2 9627
  2 110 11746
110   2 11746
  2 141 11373
141   2 11373
  1  72 6506
 72   1 6506
  1 107 7484
107   1 7484
  1 130 10203
130   1 10203
  1 150 10908
150   1 10908
  1 164 11039
164   1 11039
  1 189 9582
189   1 9582
  1 194 11069
194   1 11069
  1 200 9550
200   1 9550
  1 203 8567
203   1 8567
  1 220 10428
220   1 10428
  0  15 5719
 15   0 5719
  0  24 10191
 24   0 10191
  0  44 6471
 44   0 6471
  0  49 4849
 49   0 4849
  0  58 9955
 58   0 9955
  0  59 10657
 59   0 10657
  0  68 11816
 68   0 11816
  0  80 6821
 80   0 6821
  0  97 7705
 97   0 7705
  0 114 9610
114   0 9610
  0 149 9659
149   0 9659
  0 160 11714
160   0 11714
  0 163 9368
163   0 9368
  0 176 8927
176   0 8927
  0 191 10711
191   0 10711
  0 202 4678
202   0 4678
  0 204 5476
204   0 5476
  0 209 9511
209   0 9511
  0 211 8438
211   0 8438
  0 222 7573
222   0 7573
  0 225 2383
225   0 2383

